"x"
4549455
5163254
5806297
6347039
6730918
7081456
7454860
7895643
8417811
8918057
9329645
9748503
10169302
10678909
11034290
11278782
11520738
11831222
12165410
12598581
12886498
13247262
13619581
13912324
14127751
14368630
14616312
14893508
15112365
15396867
15635032
15876899
16225789
16560586
16868042
17129004
17275942
17482476
17754896
17918544
18069550
18237344
18449549
18601593
18781131
18924218
19090457
19272374
19477438
19726611
19936523
20142554
20408992
20617449
20828036
21041300
21193584
21423494
21702358
21921880
22108235
22370181
22612995
22781942
23029172
23223634
23415415
23652501
23935528
24139179
24506746
24743893
25039645
25280835
25538981
25746506
25996704
26239931
26452505
26701704
26933036
27136710
27401226
27638041
27948341
28201303
28481915
28751357
29030824
29288550
29460437
29622177
29787739
30011911
30196480
30340338
30511429
30664446
30838672
31059290
31255899
31647758
