"x"
1021095
1712458
2171670
2553838
2875134
3172511
3447467
3845461
4142393
4405954
4684640
4986559
5266556
5453309
5663274
5939332
6181404
6428958
6658526
7050719
7417564
7844453
8154851
8379565
8675413
8863020
9074693
9317298
9578603
9891687
10203624
10588809
11074178
11385338
11868299
12200315
12424906
12690812
12940605
13263925
13504988
13784126
14075697
14383636
14634900
14873912
15292170
15604367
15921726
16197861
16512714
16768272
16986084
17192827
17377248
17679239
18143502
18455407
18733509
19070162
19521593
19968624
20280056
20582728
20817425
21060355
21433542
22544404
