"x"
328713
537754
756079
890108
1055335
1247871
1379651
1555207
1694910
1887007
2037286
2187476
2370091
2515994
2653471
2797468
2948241
3114738
3342277
3555560
3723161
3878724
4049157
4295377
4470479
4646675
4798131
5071268
5280061
5413856
5598470
5819193
6007071
6251992
6486435
6693168
6904629
7060110
7247395
7438531
7629974
7834918
8039011
8266834
8562080
8843233
9021498
9237834
9389959
9583172
9740362
9899283
10108765
10273363
10458686
10620467
10756281
10911713
11060816
11223158
11372041
11517568
11649805
11784760
11944168
12109472
12269078
12420517
12579313
12724288
12886225
13095923
13262759
13403136
13676982
13940164
14121557
14276047
14530547
14771249
15002892
15223248
15391383
15634820
15865710
16173664
16388283
16707451
16969339
17233131
17558632
17879773
18119877
18246529
18361213
18542585
18703472
18931989
19204178
19537066
20080657
20629802
21190368
21737776
22157726
22541466
23025036
