"x"
420611
663731
907594
1091437
1285330
1461605
1647702
1892010
2082410
2351221
2550576
2740449
2937421
3219444
3385875
3558528
3690670
3844850
3992240
4133698
4277203
4443012
4651080
4831431
5053460
5329388
5490799
5649664
5862526
6012134
6185627
6328149
6526448
6724532
6902640
7091040
7227683
7432737
7598858
7812965
8069899
8241837
8463388
8683054
8870673
8999313
9175348
9383592
9578302
9680533
9887897
10049702
10241843
10457761
10616090
10784734
10975534
11163195
11313962
11452826
11645264
11837032
11984766
12165395
12320144
12456625
12588045
12770171
13143563
13415817
13704881
13913518
14080109
14357355
14506977
14768453
14950880
15139341
15302156
15540767
15811967
16051165
16231940
16436840
16579454
16808133
17028405
17231533
17496268
17694279
17891605
18368193
18658303
18967814
19223769
19560930
19810609
20018678
20335701
20652185
21130833
21991911
