x
848155710
170620054
470759914
186016184
619831964
409471753
187342133
419464984
136905753
729553560
348931673
378870483
334662807
305003208
408863332
118272525
525380992
248439657
224828345
658922524
772727578
699488244
550088325
468131293
546618460
545664191
731551032
545843618
479644481
603531849
376069912
718199636
807534481
211753630
686479532
164694718
623566183
824855614
415020755
717689436
730214368
586656176
772627632
838088898
600266113
245028798
205592184
352508329
464692165
627025385
261868283
895822143
507844322
552738390
188218078
606461633
767063176
724718630
483626824
387560929
211882536
303859180
513422186
706117970
327238753
789233104
441704482
564616622
527108674
241727096
600217189
144639655
564104543
202324620
365535325
765329647
464791121
241152118
503362416
862036609
797463244
646045982
348098831
884604579
648515232
868595355
473423665
113307054
544947919
259323257
595857042
254829058
572868170
369078697
319635035
366733969
180784851
758114184
269655601
524006729
