"x"
4610424
5723252
6520776
7013694
7367875
7794337
8201580
8518030
8892509
9332550
9707115
10044578
10230235
10377475
10595739
10802215
11030806
11190544
11382804
11571147
11755561
11951351
12188848
12334363
12532818
12702725
12965639
13225214
13401822
13573775
13770675
13945713
14226939
14464070
14639870
14791785
14963865
15155246
15374716
15583445
15778994
15936011
16103796
16250999
16378484
16518865
16676842
16839251
17076003
17266834
17594572
17806133
17921475
18049864
18238367
18405252
18613132
18780751
18940090
19116537
19321096
19571946
19793419
19963852
20160314
20295627
20468535
20616485
20770037
20906846
21031752
21171648
21370560
21509178
21695958
21843369
21978096
22110227
22315791
22485062
22666707
22837784
23022108
23202319
23392533
23607291
23829634
24103999
24429048
25053950
